{
 "cells": [
  {
   "cell_type": "code",
   "execution_count": 1,
   "metadata": {},
   "outputs": [],
   "source": [
    "import os\n",
    "os.chdir('../../')\n",
    "\n",
    "import pandas as pd\n",
    "import matplotlib.pyplot as plt\n",
    "from pathlib import Path\n",
    "import plotly.express as px\n",
    "\n"
   ]
  },
  {
   "cell_type": "code",
   "execution_count": 2,
   "metadata": {},
   "outputs": [],
   "source": [
    "dataPath = Path('data')\n",
    "df = pd.read_csv(dataPath/'simulations.csv', delimiter=';')"
   ]
  },
  {
   "cell_type": "code",
   "execution_count": 3,
   "metadata": {},
   "outputs": [],
   "source": [
    "df = df.sort_values([\"Return\"])"
   ]
  },
  {
   "cell_type": "code",
   "execution_count": 4,
   "metadata": {},
   "outputs": [
    {
     "data": {
      "application/vnd.plotly.v1+json": {
       "config": {
        "plotlyServerURL": "https://plot.ly"
       },
       "data": [
        {
         "customdata": [
          [
           "1.0,0.0,0.0"
          ],
          [
           "0.96875,0.03125,0.0"
          ],
          [
           "0.9629629629629629,0.037037037037037035,0.0"
          ],
          [
           "0.9545454545454545,0.0,0.045454545454545456"
          ],
          [
           "0.9583333333333333,0.041666666666666664,0.0"
          ],
          [
           "0.9473684210526315,0.0,0.05263157894736842"
          ],
          [
           "0.9411764705882353,0.029411764705882353,0.029411764705882353"
          ],
          [
           "0.9393939393939393,0.030303030303030304,0.030303030303030304"
          ],
          [
           "0.9411764705882353,0.058823529411764705,0.0"
          ],
          [
           "0.9354838709677419,0.06451612903225806,0.0"
          ],
          [
           "0.92,0.0,0.08"
          ],
          [
           "0.9166666666666666,0.027777777777777776,0.05555555555555555"
          ],
          [
           "0.9142857142857143,0.02857142857142857,0.05714285714285714"
          ],
          [
           "0.9090909090909091,0.030303030303030304,0.06060606060606061"
          ],
          [
           "0.9090909090909091,0.04545454545454545,0.04545454545454545"
          ],
          [
           "0.9062499999999999,0.03125,0.0625"
          ],
          [
           "0.9130434782608696,0.08695652173913045,0.0"
          ],
          [
           "0.9130434782608696,0.08695652173913045,0.0"
          ],
          [
           "0.8999999999999999,0.0,0.09999999999999998"
          ],
          [
           "0.8999999999999999,0.049999999999999996,0.049999999999999996"
          ],
          [
           "0.8965517241379309,0.034482758620689655,0.06896551724137931"
          ],
          [
           "0.8999999999999999,0.06666666666666665,0.033333333333333326"
          ],
          [
           "0.891891891891892,0.02702702702702703,0.08108108108108109"
          ],
          [
           "0.8928571428571428,0.03571428571428571,0.07142857142857142"
          ],
          [
           "0.8965517241379309,0.06896551724137931,0.034482758620689655"
          ],
          [
           "0.8888888888888888,0.037037037037037035,0.07407407407407407"
          ],
          [
           "0.8888888888888888,0.07407407407407407,0.037037037037037035"
          ],
          [
           "0.8857142857142857,0.05714285714285714,0.05714285714285714"
          ],
          [
           "0.875,0.0,0.125"
          ],
          [
           "0.8857142857142858,0.08571428571428572,0.028571428571428574"
          ],
          [
           "0.8888888888888888,0.1111111111111111,0.0"
          ],
          [
           "0.8857142857142858,0.1142857142857143,0.0"
          ],
          [
           "0.8823529411764707,0.08823529411764706,0.029411764705882356"
          ],
          [
           "0.8749999999999999,0.062499999999999986,0.062499999999999986"
          ],
          [
           "0.8749999999999999,0.062499999999999986,0.062499999999999986"
          ],
          [
           "0.8709677419354838,0.032258064516129024,0.09677419354838708"
          ],
          [
           "0.868421052631579,0.02631578947368421,0.10526315789473684"
          ],
          [
           "0.8648648648648649,0.02702702702702703,0.10810810810810811"
          ],
          [
           "0.8750000000000001,0.125,0.0"
          ],
          [
           "0.8636363636363636,0.045454545454545456,0.09090909090909091"
          ],
          [
           "0.8636363636363636,0.045454545454545456,0.09090909090909091"
          ],
          [
           "0.8571428571428572,0.028571428571428574,0.1142857142857143"
          ],
          [
           "0.8529411764705882,0.0,0.1470588235294118"
          ],
          [
           "0.857142857142857,0.07142857142857142,0.07142857142857142"
          ],
          [
           "0.8571428571428571,0.09523809523809525,0.04761904761904762"
          ],
          [
           "0.8421052631578947,0.0,0.15789473684210525"
          ],
          [
           "0.84,0.0,0.16"
          ],
          [
           "0.8461538461538461,0.05128205128205128,0.10256410256410256"
          ],
          [
           "0.8421052631578947,0.02631578947368421,0.13157894736842105"
          ],
          [
           "0.8461538461538461,0.07692307692307693,0.07692307692307693"
          ],
          [
           "0.8437499999999999,0.062499999999999986,0.09374999999999997"
          ],
          [
           "0.8421052631578947,0.05263157894736842,0.10526315789473684"
          ],
          [
           "0.84,0.04,0.12"
          ],
          [
           "0.84,0.04,0.12"
          ],
          [
           "0.8387096774193549,0.03225806451612903,0.12903225806451613"
          ],
          [
           "0.8333333333333334,0.05555555555555556,0.11111111111111112"
          ],
          [
           "0.8260869565217391,0.0,0.17391304347826086"
          ],
          [
           "0.8421052631578947,0.13157894736842105,0.02631578947368421"
          ],
          [
           "0.84,0.12,0.04"
          ],
          [
           "0.8378378378378378,0.10810810810810811,0.05405405405405406"
          ],
          [
           "0.8333333333333334,0.11111111111111112,0.05555555555555556"
          ],
          [
           "0.8205128205128205,0.02564102564102564,0.15384615384615383"
          ],
          [
           "0.823529411764706,0.058823529411764705,0.11764705882352941"
          ],
          [
           "0.8157894736842105,0.0,0.1842105263157895"
          ],
          [
           "0.8275862068965516,0.10344827586206895,0.06896551724137931"
          ],
          [
           "0.8157894736842105,0.02631578947368421,0.15789473684210525"
          ],
          [
           "0.8333333333333333,0.16666666666666666,0.0"
          ],
          [
           "0.8181818181818182,0.06060606060606061,0.12121212121212122"
          ],
          [
           "0.8181818181818182,0.06060606060606061,0.12121212121212122"
          ],
          [
           "0.8285714285714285,0.14285714285714288,0.028571428571428574"
          ],
          [
           "0.8148148148148148,0.037037037037037035,0.14814814814814814"
          ],
          [
           "0.8148148148148148,0.07407407407407407,0.1111111111111111"
          ],
          [
           "0.823529411764706,0.14705882352941177,0.029411764705882353"
          ],
          [
           "0.823529411764706,0.14705882352941177,0.029411764705882353"
          ],
          [
           "0.8125,0.0625,0.125"
          ],
          [
           "0.8125,0.0625,0.125"
          ],
          [
           "0.8125,0.0625,0.125"
          ],
          [
           "0.8076923076923076,0.038461538461538464,0.15384615384615385"
          ],
          [
           "0.823529411764706,0.1764705882352941,0.0"
          ],
          [
           "0.823529411764706,0.1764705882352941,0.0"
          ],
          [
           "0.823529411764706,0.1764705882352941,0.0"
          ],
          [
           "0.8181818181818181,0.13636363636363635,0.045454545454545456"
          ],
          [
           "0.8124999999999999,0.09374999999999997,0.09374999999999997"
          ],
          [
           "0.7999999999999999,0.0,0.19999999999999998"
          ],
          [
           "0.8076923076923076,0.07692307692307693,0.11538461538461538"
          ],
          [
           "0.7999999999999999,0.024999999999999998,0.17500000000000002"
          ],
          [
           "0.7999999999999999,0.024999999999999998,0.17500000000000002"
          ],
          [
           "0.8125,0.125,0.0625"
          ],
          [
           "0.8125,0.125,0.0625"
          ],
          [
           "0.8125,0.125,0.0625"
          ],
          [
           "0.8125,0.125,0.0625"
          ],
          [
           "0.8148148148148148,0.14814814814814814,0.037037037037037035"
          ],
          [
           "0.8048780487804879,0.07317073170731707,0.12195121951219513"
          ],
          [
           "0.8181818181818181,0.18181818181818182,0.0"
          ],
          [
           "0.8,0.05714285714285714,0.14285714285714285"
          ],
          [
           "0.8048780487804879,0.0975609756097561,0.0975609756097561"
          ],
          [
           "0.8055555555555556,0.11111111111111112,0.08333333333333333"
          ],
          [
           "0.8108108108108107,0.16216216216216217,0.02702702702702703"
          ],
          [
           "0.8,0.08,0.12"
          ],
          [
           "0.8048780487804877,0.12195121951219512,0.07317073170731707"
          ],
          [
           "0.8,0.0857142857142857,0.11428571428571428"
          ],
          [
           "0.793103448275862,0.034482758620689655,0.17241379310344826"
          ],
          [
           "0.7999999999999998,0.09999999999999998,0.09999999999999998"
          ],
          [
           "0.8,0.1,0.1"
          ],
          [
           "0.7948717948717949,0.07692307692307693,0.12820512820512822"
          ],
          [
           "0.7931034482758622,0.06896551724137932,0.13793103448275865"
          ],
          [
           "0.7999999999999999,0.125,0.075"
          ],
          [
           "0.8048780487804877,0.17073170731707318,0.024390243902439022"
          ],
          [
           "0.8048780487804877,0.17073170731707318,0.024390243902439022"
          ],
          [
           "0.7894736842105263,0.05263157894736842,0.15789473684210525"
          ],
          [
           "0.7894736842105263,0.05263157894736842,0.15789473684210525"
          ],
          [
           "0.7916666666666667,0.08333333333333334,0.125"
          ],
          [
           "0.7878787878787878,0.06060606060606061,0.15151515151515152"
          ],
          [
           "0.7878787878787878,0.06060606060606061,0.15151515151515152"
          ],
          [
           "0.8,0.16666666666666669,0.03333333333333333"
          ],
          [
           "0.7999999999999999,0.17500000000000002,0.024999999999999998"
          ],
          [
           "0.7804878048780487,0.024390243902439022,0.19512195121951217"
          ],
          [
           "0.78125,0.03125,0.1875"
          ],
          [
           "0.793103448275862,0.13793103448275862,0.06896551724137931"
          ],
          [
           "0.8,0.2,0.0"
          ],
          [
           "0.8,0.2,0.0"
          ],
          [
           "0.8,0.2,0.0"
          ],
          [
           "0.7777777777777778,0.027777777777777776,0.19444444444444445"
          ],
          [
           "0.7837837837837839,0.08108108108108109,0.13513513513513517"
          ],
          [
           "0.7777777777777777,0.037037037037037035,0.18518518518518517"
          ],
          [
           "0.787878787878788,0.12121212121212123,0.09090909090909091"
          ],
          [
           "0.7804878048780488,0.07317073170731707,0.14634146341463414"
          ],
          [
           "0.7777777777777778,0.05555555555555555,0.16666666666666663"
          ],
          [
           "0.78125,0.09375,0.125"
          ],
          [
           "0.7749999999999999,0.049999999999999996,0.17500000000000002"
          ],
          [
           "0.7941176470588235,0.2058823529411765,0.0"
          ],
          [
           "0.7837837837837838,0.13513513513513514,0.08108108108108109"
          ],
          [
           "0.7741935483870968,0.06451612903225806,0.16129032258064518"
          ],
          [
           "0.7894736842105263,0.1842105263157895,0.02631578947368421"
          ],
          [
           "0.7804878048780488,0.12195121951219513,0.0975609756097561"
          ],
          [
           "0.7647058823529411,0.0,0.23529411764705882"
          ],
          [
           "0.7878787878787878,0.1818181818181818,0.030303030303030304"
          ],
          [
           "0.7878787878787878,0.1818181818181818,0.030303030303030304"
          ],
          [
           "0.7857142857142857,0.16666666666666666,0.047619047619047616"
          ],
          [
           "0.7777777777777779,0.11111111111111112,0.11111111111111112"
          ],
          [
           "0.7857142857142857,0.17857142857142858,0.03571428571428571"
          ],
          [
           "0.7666666666666666,0.033333333333333326,0.19999999999999996"
          ],
          [
           "0.775,0.1,0.12500000000000003"
          ],
          [
           "0.7619047619047619,0.0,0.23809523809523808"
          ],
          [
           "0.78125,0.15625,0.0625"
          ],
          [
           "0.7826086956521738,0.17391304347826086,0.043478260869565216"
          ],
          [
           "0.7837837837837838,0.1891891891891892,0.02702702702702703"
          ],
          [
           "0.7777777777777777,0.14814814814814814,0.07407407407407407"
          ],
          [
           "0.7674418604651163,0.06976744186046512,0.16279069767441862"
          ],
          [
           "0.7857142857142857,0.21428571428571425,0.0"
          ],
          [
           "0.78125,0.1875,0.03125"
          ],
          [
           "0.78125,0.1875,0.03125"
          ],
          [
           "0.7567567567567568,0.0,0.24324324324324323"
          ],
          [
           "0.7777777777777778,0.16666666666666663,0.05555555555555555"
          ],
          [
           "0.7619047619047619,0.047619047619047616,0.19047619047619047"
          ],
          [
           "0.7804878048780487,0.19512195121951217,0.024390243902439022"
          ],
          [
           "0.76,0.04,0.2"
          ],
          [
           "0.782608695652174,0.2173913043478261,0.0"
          ],
          [
           "0.7586206896551724,0.034482758620689655,0.2068965517241379"
          ],
          [
           "0.7586206896551724,0.034482758620689655,0.2068965517241379"
          ],
          [
           "0.7575757575757576,0.030303030303030304,0.21212121212121213"
          ],
          [
           "0.7692307692307693,0.12820512820512822,0.10256410256410257"
          ],
          [
           "0.7692307692307693,0.12820512820512822,0.10256410256410257"
          ],
          [
           "0.7560975609756097,0.048780487804878044,0.19512195121951217"
          ],
          [
           "0.761904761904762,0.09523809523809525,0.14285714285714285"
          ],
          [
           "0.7674418604651163,0.13953488372093023,0.09302325581395349"
          ],
          [
           "0.7741935483870968,0.1935483870967742,0.03225806451612903"
          ],
          [
           "0.7777777777777777,0.2222222222222222,0.0"
          ],
          [
           "0.75,0.027777777777777776,0.2222222222222222"
          ],
          [
           "0.7567567567567567,0.08108108108108107,0.16216216216216214"
          ],
          [
           "0.761904761904762,0.14285714285714285,0.09523809523809525"
          ],
          [
           "0.7499999999999999,0.049999999999999996,0.19999999999999998"
          ],
          [
           "0.7428571428571429,0.0,0.2571428571428572"
          ],
          [
           "0.7647058823529411,0.1764705882352941,0.058823529411764705"
          ],
          [
           "0.75,0.0625,0.1875"
          ],
          [
           "0.75,0.0625,0.1875"
          ],
          [
           "0.7441860465116278,0.02325581395348837,0.23255813953488372"
          ],
          [
           "0.7674418604651162,0.2093023255813953,0.02325581395348837"
          ],
          [
           "0.7560975609756098,0.12195121951219513,0.12195121951219513"
          ],
          [
           "0.7692307692307693,0.23076923076923075,0.0"
          ],
          [
           "0.75,0.08333333333333331,0.16666666666666663"
          ],
          [
           "0.75,0.08333333333333334,0.16666666666666669"
          ],
          [
           "0.7428571428571428,0.02857142857142857,0.22857142857142856"
          ],
          [
           "0.7428571428571428,0.02857142857142857,0.22857142857142856"
          ],
          [
           "0.7441860465116278,0.04651162790697674,0.2093023255813953"
          ],
          [
           "0.7441860465116278,0.04651162790697674,0.2093023255813953"
          ],
          [
           "0.7441860465116278,0.04651162790697674,0.2093023255813953"
          ],
          [
           "0.7380952380952381,0.0,0.2619047619047619"
          ],
          [
           "0.736842105263158,0.0,0.2631578947368421"
          ],
          [
           "0.736842105263158,0.0,0.2631578947368421"
          ],
          [
           "0.736842105263158,0.0,0.2631578947368421"
          ],
          [
           "0.763157894736842,0.21052631578947367,0.02631578947368421"
          ],
          [
           "0.7500000000000001,0.11111111111111112,0.1388888888888889"
          ],
          [
           "0.7428571428571428,0.05714285714285714,0.2"
          ],
          [
           "0.7352941176470589,0.0,0.2647058823529412"
          ],
          [
           "0.738095238095238,0.023809523809523808,0.23809523809523808"
          ],
          [
           "0.738095238095238,0.023809523809523808,0.23809523809523808"
          ],
          [
           "0.7500000000000001,0.12500000000000003,0.12500000000000003"
          ],
          [
           "0.7500000000000001,0.12500000000000003,0.12500000000000003"
          ],
          [
           "0.7428571428571428,0.0857142857142857,0.1714285714285714"
          ],
          [
           "0.7307692307692307,0.0,0.2692307692307693"
          ],
          [
           "0.7567567567567567,0.2162162162162162,0.027027027027027025"
          ],
          [
           "0.75,0.16666666666666669,0.08333333333333334"
          ],
          [
           "0.7428571428571429,0.1142857142857143,0.14285714285714288"
          ],
          [
           "0.7352941176470588,0.058823529411764705,0.2058823529411765"
          ],
          [
           "0.7499999999999999,0.1818181818181818,0.06818181818181818"
          ],
          [
           "0.7407407407407407,0.1111111111111111,0.14814814814814814"
          ],
          [
           "0.75,0.1875,0.0625"
          ],
          [
           "0.75,0.1875,0.0625"
          ],
          [
           "0.7241379310344828,0.0,0.2758620689655173"
          ],
          [
           "0.736842105263158,0.10526315789473684,0.15789473684210525"
          ],
          [
           "0.736842105263158,0.10526315789473684,0.15789473684210525"
          ],
          [
           "0.7297297297297297,0.05405405405405405,0.2162162162162162"
          ],
          [
           "0.7391304347826088,0.13043478260869565,0.13043478260869565"
          ],
          [
           "0.7407407407407407,0.14814814814814814,0.1111111111111111"
          ],
          [
           "0.7272727272727272,0.04545454545454545,0.22727272727272727"
          ],
          [
           "0.7272727272727272,0.04545454545454545,0.22727272727272727"
          ],
          [
           "0.7333333333333334,0.1,0.16666666666666669"
          ],
          [
           "0.7441860465116278,0.18604651162790695,0.0697674418604651"
          ],
          [
           "0.7441860465116278,0.18604651162790695,0.0697674418604651"
          ],
          [
           "0.736842105263158,0.13157894736842105,0.13157894736842105"
          ],
          [
           "0.7380952380952381,0.14285714285714285,0.11904761904761905"
          ],
          [
           "0.7317073170731707,0.0975609756097561,0.17073170731707318"
          ],
          [
           "0.7249999999999999,0.049999999999999996,0.22499999999999998"
          ],
          [
           "0.7272727272727274,0.06818181818181819,0.20454545454545456"
          ],
          [
           "0.75,0.25,0.0"
          ],
          [
           "0.7441860465116278,0.2093023255813953,0.04651162790697674"
          ],
          [
           "0.7428571428571428,0.2,0.05714285714285714"
          ],
          [
           "0.7419354838709676,0.19354838709677416,0.06451612903225805"
          ],
          [
           "0.736842105263158,0.15789473684210525,0.10526315789473684"
          ],
          [
           "0.7333333333333334,0.13333333333333333,0.13333333333333333"
          ],
          [
           "0.7317073170731707,0.12195121951219513,0.14634146341463414"
          ],
          [
           "0.7317073170731707,0.12195121951219513,0.14634146341463414"
          ],
          [
           "0.7317073170731707,0.12195121951219513,0.14634146341463414"
          ],
          [
           "0.7272727272727273,0.09090909090909091,0.18181818181818182"
          ],
          [
           "0.7272727272727273,0.09090909090909091,0.18181818181818182"
          ],
          [
           "0.7142857142857143,0.0,0.2857142857142857"
          ],
          [
           "0.738095238095238,0.19047619047619047,0.07142857142857142"
          ],
          [
           "0.738095238095238,0.19047619047619047,0.07142857142857142"
          ],
          [
           "0.7428571428571428,0.22857142857142856,0.02857142857142857"
          ],
          [
           "0.7352941176470589,0.17647058823529413,0.08823529411764706"
          ],
          [
           "0.7352941176470589,0.17647058823529413,0.08823529411764706"
          ],
          [
           "0.7209302325581396,0.06976744186046513,0.20930232558139536"
          ],
          [
           "0.7333333333333333,0.16666666666666666,0.09999999999999998"
          ],
          [
           "0.7222222222222222,0.08333333333333331,0.19444444444444445"
          ],
          [
           "0.7307692307692307,0.15384615384615385,0.11538461538461538"
          ],
          [
           "0.7333333333333334,0.17777777777777778,0.08888888888888889"
          ],
          [
           "0.7333333333333334,0.17777777777777778,0.08888888888888889"
          ],
          [
           "0.7142857142857143,0.03571428571428571,0.25"
          ],
          [
           "0.7297297297297298,0.16216216216216217,0.10810810810810811"
          ],
          [
           "0.7333333333333333,0.19999999999999996,0.06666666666666665"
          ],
          [
           "0.7073170731707317,0.0,0.2926829268292683"
          ],
          [
           "0.7142857142857142,0.05714285714285714,0.22857142857142856"
          ],
          [
           "0.7142857142857142,0.05714285714285714,0.22857142857142856"
          ],
          [
           "0.7272727272727273,0.18181818181818182,0.09090909090909091"
          ],
          [
           "0.7272727272727273,0.18181818181818182,0.09090909090909091"
          ],
          [
           "0.7105263157894737,0.05263157894736842,0.23684210526315788"
          ],
          [
           "0.7105263157894737,0.05263157894736842,0.23684210526315788"
          ],
          [
           "0.7105263157894737,0.05263157894736842,0.23684210526315788"
          ],
          [
           "0.7209302325581396,0.13953488372093023,0.13953488372093023"
          ],
          [
           "0.7083333333333334,0.041666666666666664,0.24999999999999997"
          ],
          [
           "0.7111111111111112,0.06666666666666667,0.22222222222222227"
          ],
          [
           "0.7142857142857143,0.09523809523809525,0.1904761904761905"
          ],
          [
           "0.7241379310344827,0.17241379310344826,0.10344827586206895"
          ],
          [
           "0.7297297297297297,0.2162162162162162,0.05405405405405405"
          ],
          [
           "0.7297297297297297,0.2162162162162162,0.05405405405405405"
          ],
          [
           "0.7297297297297297,0.2162162162162162,0.05405405405405405"
          ],
          [
           "0.7045454545454546,0.022727272727272728,0.2727272727272727"
          ],
          [
           "0.7352941176470589,0.2647058823529412,0.0"
          ],
          [
           "0.7222222222222223,0.16666666666666666,0.11111111111111112"
          ],
          [
           "0.717391304347826,0.13043478260869565,0.15217391304347827"
          ],
          [
           "0.7142857142857143,0.11904761904761905,0.16666666666666669"
          ],
          [
           "0.7045454545454546,0.045454545454545456,0.25"
          ],
          [
           "0.7297297297297298,0.24324324324324323,0.02702702702702703"
          ],
          [
           "0.7096774193548387,0.0967741935483871,0.1935483870967742"
          ],
          [
           "0.7249999999999999,0.22499999999999998,0.049999999999999996"
          ],
          [
           "0.7142857142857143,0.14285714285714285,0.14285714285714285"
          ],
          [
           "0.7142857142857143,0.14285714285714285,0.14285714285714285"
          ],
          [
           "0.7142857142857143,0.14285714285714288,0.14285714285714288"
          ],
          [
           "0.7027027027027027,0.05405405405405406,0.24324324324324323"
          ],
          [
           "0.7272727272727273,0.25,0.022727272727272728"
          ],
          [
           "0.6944444444444444,0.0,0.3055555555555556"
          ],
          [
           "0.7200000000000001,0.20000000000000004,0.08000000000000002"
          ],
          [
           "0.7209302325581395,0.2093023255813953,0.0697674418604651"
          ],
          [
           "0.7209302325581395,0.2093023255813953,0.0697674418604651"
          ],
          [
           "0.7222222222222222,0.2222222222222222,0.05555555555555555"
          ],
          [
           "0.7222222222222222,0.2222222222222222,0.05555555555555555"
          ],
          [
           "0.7000000000000001,0.049999999999999996,0.25"
          ],
          [
           "0.7000000000000001,0.049999999999999996,0.25"
          ],
          [
           "0.7000000000000001,0.049999999999999996,0.25"
          ],
          [
           "0.7241379310344827,0.24137931034482757,0.034482758620689655"
          ],
          [
           "0.7249999999999999,0.25,0.024999999999999998"
          ],
          [
           "0.7142857142857143,0.16666666666666669,0.11904761904761905"
          ],
          [
           "0.7045454545454546,0.09090909090909093,0.20454545454545456"
          ],
          [
           "0.717391304347826,0.19565217391304346,0.08695652173913043"
          ],
          [
           "0.6923076923076923,0.0,0.3076923076923077"
          ],
          [
           "0.7142857142857143,0.17857142857142858,0.10714285714285712"
          ],
          [
           "0.7187499999999999,0.21874999999999997,0.062499999999999986"
          ],
          [
           "0.7000000000000001,0.075,0.22499999999999998"
          ],
          [
           "0.7105263157894737,0.15789473684210525,0.13157894736842105"
          ],
          [
           "0.7222222222222223,0.25,0.02777777777777778"
          ],
          [
           "0.7045454545454546,0.11363636363636365,0.18181818181818182"
          ],
          [
           "0.7045454545454546,0.11363636363636365,0.18181818181818182"
          ],
          [
           "0.696969696969697,0.06060606060606061,0.24242424242424243"
          ],
          [
           "0.6923076923076923,0.038461538461538464,0.2692307692307693"
          ],
          [
           "0.6956521739130436,0.06521739130434782,0.2391304347826087"
          ],
          [
           "0.7000000000000001,0.09999999999999999,0.19999999999999998"
          ],
          [
           "0.7142857142857142,0.21428571428571425,0.07142857142857142"
          ],
          [
           "0.7142857142857143,0.21428571428571425,0.07142857142857142"
          ],
          [
           "0.696969696969697,0.0909090909090909,0.21212121212121213"
          ],
          [
           "0.717948717948718,0.25641025641025644,0.02564102564102564"
          ],
          [
           "0.6875,0.020833333333333332,0.2916666666666667"
          ],
          [
           "0.6904761904761905,0.04761904761904762,0.2619047619047619"
          ],
          [
           "0.7142857142857142,0.23809523809523808,0.047619047619047616"
          ],
          [
           "0.7105263157894737,0.21052631578947367,0.07894736842105263"
          ],
          [
           "0.7058823529411765,0.17647058823529413,0.11764705882352942"
          ],
          [
           "0.71875,0.28125,0.0"
          ],
          [
           "0.7073170731707317,0.1951219512195122,0.0975609756097561"
          ],
          [
           "0.7027027027027027,0.16216216216216217,0.13513513513513514"
          ],
          [
           "0.6956521739130436,0.10869565217391305,0.1956521739130435"
          ],
          [
           "0.7083333333333334,0.20833333333333331,0.08333333333333333"
          ],
          [
           "0.7000000000000001,0.15,0.15"
          ],
          [
           "0.688888888888889,0.06666666666666667,0.24444444444444446"
          ],
          [
           "0.688888888888889,0.06666666666666667,0.24444444444444446"
          ],
          [
           "0.6875000000000001,0.0625,0.25"
          ],
          [
           "0.6875000000000001,0.0625,0.25"
          ],
          [
           "0.7027027027027027,0.1891891891891892,0.10810810810810811"
          ],
          [
           "0.6857142857142857,0.05714285714285715,0.2571428571428572"
          ],
          [
           "0.7045454545454546,0.20454545454545453,0.09090909090909091"
          ],
          [
           "0.7045454545454546,0.20454545454545453,0.09090909090909091"
          ],
          [
           "0.6904761904761906,0.09523809523809526,0.2142857142857143"
          ],
          [
           "0.7142857142857143,0.2857142857142857,0.0"
          ],
          [
           "0.696969696969697,0.15151515151515152,0.15151515151515152"
          ],
          [
           "0.688888888888889,0.0888888888888889,0.22222222222222227"
          ],
          [
           "0.6976744186046512,0.16279069767441862,0.13953488372093023"
          ],
          [
           "0.6875000000000001,0.08333333333333334,0.22916666666666669"
          ],
          [
           "0.7083333333333334,0.24999999999999997,0.041666666666666664"
          ],
          [
           "0.6956521739130435,0.15217391304347827,0.15217391304347827"
          ],
          [
           "0.6818181818181818,0.045454545454545456,0.2727272727272727"
          ],
          [
           "0.7058823529411764,0.23529411764705882,0.058823529411764705"
          ],
          [
           "0.7058823529411764,0.23529411764705882,0.058823529411764705"
          ],
          [
           "0.6808510638297872,0.0425531914893617,0.2765957446808511"
          ],
          [
           "0.7027027027027027,0.21621621621621623,0.08108108108108109"
          ],
          [
           "0.6842105263157895,0.07894736842105263,0.23684210526315788"
          ],
          [
           "0.6739130434782609,0.0,0.32608695652173914"
          ],
          [
           "0.7105263157894737,0.2894736842105263,0.0"
          ],
          [
           "0.6808510638297873,0.06382978723404255,0.2553191489361702"
          ],
          [
           "0.7058823529411765,0.2647058823529412,0.029411764705882356"
          ],
          [
           "0.6888888888888889,0.13333333333333333,0.17777777777777778"
          ],
          [
           "0.6734693877551021,0.020408163265306124,0.30612244897959184"
          ],
          [
           "0.6734693877551021,0.020408163265306124,0.30612244897959184"
          ],
          [
           "0.6842105263157895,0.10526315789473684,0.21052631578947367"
          ],
          [
           "0.6956521739130435,0.19565217391304346,0.10869565217391304"
          ],
          [
           "0.7045454545454546,0.2727272727272727,0.022727272727272728"
          ],
          [
           "0.7045454545454546,0.2727272727272727,0.022727272727272728"
          ],
          [
           "0.7045454545454546,0.2727272727272727,0.022727272727272728"
          ],
          [
           "0.6739130434782609,0.043478260869565216,0.2826086956521739"
          ],
          [
           "0.7058823529411765,0.2941176470588236,0.0"
          ],
          [
           "0.7058823529411765,0.2941176470588236,0.0"
          ],
          [
           "0.7000000000000001,0.25,0.049999999999999996"
          ],
          [
           "0.6923076923076923,0.19230769230769232,0.11538461538461538"
          ],
          [
           "0.6818181818181819,0.11363636363636366,0.20454545454545456"
          ],
          [
           "0.6808510638297873,0.10638297872340427,0.21276595744680854"
          ],
          [
           "0.6956521739130436,0.2391304347826087,0.06521739130434782"
          ],
          [
           "0.6774193548387096,0.0967741935483871,0.22580645161290325"
          ],
          [
           "0.6774193548387096,0.0967741935483871,0.22580645161290325"
          ],
          [
           "0.6904761904761905,0.21428571428571427,0.09523809523809525"
          ],
          [
           "0.6734693877551021,0.0816326530612245,0.24489795918367346"
          ],
          [
           "0.6744186046511629,0.0930232558139535,0.23255813953488377"
          ],
          [
           "0.6944444444444444,0.25,0.05555555555555556"
          ],
          [
           "0.6956521739130435,0.2608695652173913,0.043478260869565216"
          ],
          [
           "0.675,0.09999999999999999,0.22499999999999998"
          ],
          [
           "0.7000000000000001,0.3,0.0"
          ],
          [
           "0.6666666666666666,0.041666666666666664,0.2916666666666667"
          ],
          [
           "0.6666666666666666,0.041666666666666664,0.2916666666666667"
          ],
          [
           "0.6666666666666666,0.047619047619047616,0.2857142857142857"
          ],
          [
           "0.6666666666666666,0.047619047619047616,0.2857142857142857"
          ],
          [
           "0.6666666666666666,0.047619047619047616,0.2857142857142857"
          ],
          [
           "0.6888888888888889,0.22222222222222224,0.08888888888888889"
          ],
          [
           "0.6785714285714285,0.14285714285714285,0.17857142857142858"
          ],
          [
           "0.6923076923076923,0.25641025641025644,0.05128205128205128"
          ],
          [
           "0.6590909090909092,0.0,0.34090909090909094"
          ],
          [
           "0.675,0.125,0.19999999999999998"
          ],
          [
           "0.6666666666666667,0.06666666666666667,0.26666666666666666"
          ],
          [
           "0.6842105263157895,0.21052631578947367,0.10526315789473684"
          ],
          [
           "0.6666666666666666,0.07692307692307691,0.25641025641025644"
          ],
          [
           "0.6744186046511628,0.13953488372093023,0.18604651162790697"
          ],
          [
           "0.6923076923076923,0.28205128205128205,0.02564102564102564"
          ],
          [
           "0.6923076923076923,0.28205128205128205,0.02564102564102564"
          ],
          [
           "0.6666666666666667,0.08333333333333334,0.25"
          ],
          [
           "0.6818181818181818,0.20454545454545453,0.11363636363636365"
          ],
          [
           "0.6875000000000001,0.25,0.0625"
          ],
          [
           "0.6734693877551021,0.14285714285714288,0.1836734693877551"
          ],
          [
           "0.6756756756756757,0.16216216216216217,0.16216216216216217"
          ],
          [
           "0.6829268292682927,0.21951219512195122,0.0975609756097561"
          ],
          [
           "0.6888888888888889,0.26666666666666666,0.044444444444444446"
          ],
          [
           "0.6904761904761905,0.2857142857142857,0.02380952380952381"
          ],
          [
           "0.6744186046511628,0.16279069767441862,0.16279069767441862"
          ],
          [
           "0.653061224489796,0.0,0.34693877551020413"
          ],
          [
           "0.6774193548387096,0.1935483870967742,0.12903225806451613"
          ],
          [
           "0.6774193548387096,0.1935483870967742,0.12903225806451613"
          ],
          [
           "0.675,0.17500000000000002,0.15"
          ],
          [
           "0.673469387755102,0.16326530612244897,0.16326530612244897"
          ],
          [
           "0.6666666666666667,0.11111111111111113,0.22222222222222227"
          ],
          [
           "0.66,0.06,0.28"
          ],
          [
           "0.6666666666666666,0.11904761904761904,0.21428571428571425"
          ],
          [
           "0.6551724137931034,0.034482758620689655,0.31034482758620685"
          ],
          [
           "0.6551724137931034,0.034482758620689655,0.31034482758620685"
          ],
          [
           "0.6551724137931034,0.034482758620689655,0.31034482758620685"
          ],
          [
           "0.6842105263157895,0.2631578947368421,0.05263157894736842"
          ],
          [
           "0.676470588235294,0.2058823529411765,0.11764705882352941"
          ],
          [
           "0.673469387755102,0.18367346938775508,0.14285714285714285"
          ],
          [
           "0.6666666666666667,0.13333333333333333,0.2"
          ],
          [
           "0.6585365853658537,0.07317073170731707,0.26829268292682923"
          ],
          [
           "0.6666666666666666,0.1388888888888889,0.19444444444444448"
          ],
          [
           "0.6666666666666666,0.1388888888888889,0.19444444444444448"
          ],
          [
           "0.6739130434782609,0.19565217391304346,0.13043478260869565"
          ],
          [
           "0.6486486486486487,0.0,0.35135135135135137"
          ],
          [
           "0.6666666666666666,0.14285714285714285,0.19047619047619047"
          ],
          [
           "0.6666666666666666,0.14285714285714285,0.19047619047619047"
          ],
          [
           "0.6744186046511628,0.20930232558139533,0.11627906976744187"
          ],
          [
           "0.6875000000000001,0.3125,0.0"
          ],
          [
           "0.6590909090909092,0.09090909090909093,0.25000000000000006"
          ],
          [
           "0.673469387755102,0.20408163265306123,0.12244897959183672"
          ],
          [
           "0.6571428571428573,0.08571428571428572,0.2571428571428572"
          ],
          [
           "0.6571428571428573,0.08571428571428572,0.2571428571428572"
          ],
          [
           "0.6595744680851064,0.10638297872340427,0.23404255319148937"
          ],
          [
           "0.6595744680851064,0.10638297872340427,0.23404255319148937"
          ],
          [
           "0.6666666666666666,0.16666666666666666,0.16666666666666666"
          ],
          [
           "0.6666666666666666,0.16666666666666666,0.16666666666666666"
          ],
          [
           "0.6744186046511628,0.23255813953488375,0.09302325581395349"
          ],
          [
           "0.6744186046511628,0.23255813953488375,0.09302325581395349"
          ],
          [
